3,2
3,1
3,3
10,107
10,25
10,265
10,93
10,71
10,209
11,5
9,2
8,8
8,10
8,5
8,2
8,3
61,8
61,7
61,6
61,5
61,4
61,3
61,2
61,1
61,0
58,5
58,4
58,3
58,2
58,1
58,0
57,6
57,5
57,4
57,3
57,2
57,1
57,0
53,7
53,6
53,5
53,4
53,3
53,2
53,1
53,0
43,4
43,3
43,1
39,4
39,3
39,1
38,7
38,6
38,5
38,4
38,3
38,1
20,3
20,2
20,1
19,3
19,2
19,1
18,3
18,1
14,3
14,1
13,3
13,1
12,3
12,2
12,1
11,28
11,26
11,25
11,24
11,21
11,19
11,18
11,17
11,16
11,14
11,9
2,2
11,7
11,4
2,1
11,3
2,3
11,2
11,1
10,297
10,271
10,257
10,237
10,215
10,211
10,193
10,175
10,173
10,155
10,147
10,89
10,75
10,69
10,9
10,3
10,2
10,1
9,7
